6128
25019
8972
6893
15467
32613
30058
174
47069
26347
12880
5384
4766
558
20773
2497
34400
7992
41495
23393
44244
13768
5607
8404
33668
2518
3356
20542
29873
12015
10929
3595
8447
2840
26827
8001
14112
17090
40015
852
21844
22773
31103
10010
42420
30158
30266
33604
39308
3786
33651
15290
9605
22822
33788
12406
30962
12552
9316
7796
33657
19181
46816
30099
33491
18042
11427
29933
36998
32748
3
18779
12635
19029
36352
24961
10316
4670
11051
33070
26914
9318
47530
6389
21788
12400
12200
197019
31549
7725
21127
11426
1221
21502
21769
